<PIL.JpegImagePlugin.JpegImageFile image mode=RGB size=2040x1356 at 0x7FE351B57070>
tensor([[[0.2157, 0.1804, 0.1333,  ..., 0.4863, 0.4275, 0.4706],
         [0.2196, 0.1961, 0.1490,  ..., 0.4078, 0.3608, 0.3490],
         [0.2314, 0.2275, 0.1882,  ..., 0.3529, 0.3098, 0.2353],
         ...,
         [0.2235, 0.2902, 0.3843,  ..., 0.2980, 0.2941, 0.4314],
         [0.2196, 0.3216, 0.4627,  ..., 0.4235, 0.3255, 0.3843],
         [0.1961, 0.2588, 0.2784,  ..., 0.4431, 0.4235, 0.3765]],

        [[0.1490, 0.1216, 0.0902,  ..., 0.2784, 0.2353, 0.2902],
         [0.1529, 0.1373, 0.1059,  ..., 0.2039, 0.1804, 0.1804],
         [0.1647, 0.1725, 0.1451,  ..., 0.1647, 0.1451, 0.0824],
         ...,
         [0.1608, 0.2196, 0.3137,  ..., 0.1765, 0.1647, 0.2902],
         [0.1569, 0.2510, 0.3922,  ..., 0.2941, 0.1922, 0.2471],
         [0.1333, 0.1882, 0.2039,  ..., 0.3176, 0.2941, 0.2431]],

        [[0.1176, 0.0941, 0.0745,  ..., 0.2235, 0.1765, 0.2275],
         [0.1137, 0.1098, 0.0902,  ..., 0.1529, 0.1216, 0.1176],
         [0.1255, 0.1373, 0.1216,  ..., 0.1176, 0.0902, 0.0235],
         ...,
         [0.0196, 0.0627, 0.1255,  ..., 0.0627, 0.0000, 0.0941],
         [0.0235, 0.0941, 0.2118,  ..., 0.1569, 0.0039, 0.0275],
         [0.0039, 0.0471, 0.0353,  ..., 0.1569, 0.0824, 0.0000]]])
<class 'torch.Tensor'>
torch.Size([3, 512, 512])
tensor([[[-0.5686, -0.6392, -0.7333,  ..., -0.0275, -0.1451, -0.0588],
         [-0.5608, -0.6078, -0.7020,  ..., -0.1843, -0.2784, -0.3020],
         [-0.5373, -0.5451, -0.6235,  ..., -0.2941, -0.3804, -0.5294],
         ...,
         [-0.5529, -0.4196, -0.2314,  ..., -0.4039, -0.4118, -0.1373],
         [-0.5608, -0.3569, -0.0745,  ..., -0.1529, -0.3490, -0.2314],
         [-0.6078, -0.4824, -0.4431,  ..., -0.1137, -0.1529, -0.2471]],

        [[-0.7020, -0.7569, -0.8196,  ..., -0.4431, -0.5294, -0.4196],
         [-0.6941, -0.7255, -0.7882,  ..., -0.5922, -0.6392, -0.6392],
         [-0.6706, -0.6549, -0.7098,  ..., -0.6706, -0.7098, -0.8353],
         ...,
         [-0.6784, -0.5608, -0.3725,  ..., -0.6471, -0.6706, -0.4196],
         [-0.6863, -0.4980, -0.2157,  ..., -0.4118, -0.6157, -0.5059],
         [-0.7333, -0.6235, -0.5922,  ..., -0.3647, -0.4118, -0.5137]],

        [[-0.7647, -0.8118, -0.8510,  ..., -0.5529, -0.6471, -0.5451],
         [-0.7725, -0.7804, -0.8196,  ..., -0.6941, -0.7569, -0.7647],
         [-0.7490, -0.7255, -0.7569,  ..., -0.7647, -0.8196, -0.9529],
         ...,
         [-0.9608, -0.8745, -0.7490,  ..., -0.8745, -1.0000, -0.8118],
         [-0.9529, -0.8118, -0.5765,  ..., -0.6863, -0.9922, -0.9451],
         [-0.9922, -0.9059, -0.9294,  ..., -0.6863, -0.8353, -1.0000]]])
tensor([[[-0.6801, -0.7161, -0.3535,  ..., -0.0560,  0.0204, -0.1869],
         [-0.6289, -0.6561, -0.3790,  ..., -0.1641, -0.0888, -0.3917],
         [-0.6166, -0.5465, -0.4110,  ..., -0.0520, -0.1442, -0.4798],
         ...,
         [-0.3597, -0.4135, -0.7435,  ..., -0.6576, -0.6875, -0.7291],
         [-0.3303, -0.2549, -0.5558,  ..., -0.5730, -0.7003, -0.5463],
         [-0.3437, -0.3352, -0.4834,  ..., -0.6860, -0.5652, -0.3251]],

        [[-0.7725, -0.7834, -0.4876,  ..., -0.4851, -0.4642, -0.5807],
         [-0.7259, -0.7440, -0.5203,  ..., -0.5524, -0.5273, -0.7223],
         [-0.7233, -0.6575, -0.5622,  ..., -0.4688, -0.5227, -0.7673],
         ...,
         [-0.5423, -0.5925, -0.8517,  ..., -0.8309, -0.8376, -0.8740],
         [-0.4961, -0.4215, -0.7144,  ..., -0.7425, -0.8521, -0.7308],
         [-0.4876, -0.4772, -0.6468,  ..., -0.8372, -0.7568, -0.5744]],

        [[-0.8213, -0.8629, -0.6940,  ..., -0.5503, -0.5397, -0.6844],
         [-0.8060, -0.8408, -0.7110,  ..., -0.6611, -0.6289, -0.8050],
         [-0.8279, -0.7801, -0.7275,  ..., -0.6001, -0.6604, -0.8354],
         ...,
         [-0.8365, -0.8242, -0.9446,  ..., -0.9453, -0.9248, -0.9537],
         [-0.8419, -0.7374, -0.8962,  ..., -0.9179, -0.9603, -0.8997],
         [-0.8213, -0.7949, -0.8863,  ..., -0.9590, -0.9059, -0.8628]]])